# Difference Summary
# SMIRKS                          Count    Sage    Rest
[#16X4,#16X3:1]~[#7:2]               31    1.80    1.67    1.90    2.00    2.01    1.68    1.69    1.66    1.63    1.69    1.67    1.64    1.68    2.02    2.02    1.69    1.69    1.69    1.69    1.70    1.70    2.08    1.69    1.63    2.17    1.69    1.63    1.70    1.69    1.64    1.64    1.64
[#16X4,#16X3:1]-[#8X2:2]             29    1.84    1.70    1.70    1.74    1.73    1.73    1.68    1.71    1.64    1.64    1.70    1.70    1.70    1.73    1.73    1.74    1.73    1.68    1.68    1.70    1.70    1.73    1.71    1.71    1.71    1.74    1.71    1.67    1.67    1.68
[#7X3:1]-[#7X2:2]                    29    1.38    1.26    1.27    1.27    1.27    1.27    1.27    1.25    1.26    1.26    1.26    1.26    1.26    1.26    1.27    1.26    1.24    1.26    1.27    1.25    1.26    1.27    1.27    1.27    1.27    1.27    1.26    1.27    1.27    1.27
[#16X4,#16X3!+1:1]-[#6:2]            19    1.83    1.69    1.71    1.69    1.72    1.72    1.70    1.70    2.23    1.73    1.73    1.73    1.73    1.73    1.73    1.69    2.08    1.73    1.69    1.73
[#16X4,#16X3:1]~[#7X2:2]             12    1.74    1.62    1.56    1.63    1.58    1.57    1.62    1.59    1.62    1.59    1.63    1.63    1.63
[#7:1]-[#8X2:2]                      11    1.35    1.46    1.46    1.46    1.46    1.46    1.46    1.46    1.46    1.46    1.46    1.46
[#6X4:1]-[#8X2H0:2]                  11    1.42    1.31    1.31    1.31    1.31    1.32    1.31    1.32    1.31    1.31    1.31    1.31
[#15:1]-[#7:2]                        5    1.66    1.79    1.82    1.80    1.78    1.79
[#6X3:1]=[#6X3:2]                     5    1.38    1.49    1.48    1.49    1.51    1.51
[#16X2,#16X1-1:1]-[#7:2]              4    1.67    1.77    1.77    1.79    1.79
[#15:1]-[#35:2]                       3    2.27    2.58    2.58    2.58
[#6X3:1]-[#7X2:2]                     2    1.37    1.48    1.48
[#6X4:1]-[#6X3:2]=[#8X1+0]            2    1.53    1.74    1.74
[#6X3:1]-[#6X3:2]                     2    1.47    1.33    1.35
[#6X3:1](=[#8X1+0])-[#7X3:2]          2    1.39    1.52    1.52
[#6X3:1]-[#7X3:2]                     2    1.39    1.49    1.49
[#15:1]=[#7:2]                        1    1.60    1.73
[#16X2,#16X1-1,#16X3+1:1]-[#6X3:2]    1    1.76    1.94
[#16:1]-[#35:2]                       1    2.33    2.15
[#6X3:1]:[#6X3:2]                     1    1.39    1.50
[#15:1]~[#8X2:2]                      1    1.65    1.76
[#16:1]-[#6:2]                        1    1.81    1.66
